[gd_scene load_steps=4 format=2]

[ext_resource path="res://Stages/StageTemplate.tscn" type="PackedScene" id=1]

[sub_resource type="CubeMesh" id=1]
size = Vector3( 5, 1, 5 )

[sub_resource type="ConvexPolygonShape" id=2]
points = PoolVector3Array( -2.5, 0.5, 2.5, 2.5, 0.5, -2.5, 2.5, 0.5, 2.5, -2.5, 0.5, -2.5, -2.5, -0.5, 2.5, 2.5, -0.5, -2.5, 2.5, -0.5, 2.5, -2.5, -0.5, -2.5, 2.5, 0.5, 2.5, -2.5, 0.5, -2.5, 2.5, 0.5, -2.5, -2.5, 0.5, 2.5, 2.5, -0.5, 2.5, -2.5, -0.5, -2.5, 2.5, -0.5, -2.5, -2.5, -0.5, 2.5, 2.5, 0.5, 2.5, -2.5, -0.5, 2.5, -2.5, 0.5, 2.5, 2.5, -0.5, 2.5, 2.5, 0.5, -2.5, -2.5, -0.5, -2.5, -2.5, 0.5, -2.5, 2.5, -0.5, -2.5 )

[node name="StageTemplate" index="0" instance=ExtResource( 1 )]

[node name="Start" parent="." index="0"]
transform = Transform( 1, 0, 0, 0, 1, 0, 0, 0, 1, 0, 12, 0 )

[node name="Goal" parent="." index="1"]
transform = Transform( 1, 0, 0, 0, 1, 0, 0, 0, 1, 0, -18.5, -14 )

[node name="CollisionShape" parent="KillBox" index="0"]
transform = Transform( 1, 0, 0, 0, 1, 0, 0, 0, 1, 0, -30, 0 )

[node name="Ramp1" type="CSGCombiner" parent="." index="3"]
transform = Transform( 1, 0, 0, 0, 0.34202, -0.939693, 0, 0.939693, 0.34202, 0, 10, 0 )
use_collision = true

[node name="CSGCylinder" type="CSGCylinder" parent="Ramp1" index="0"]
radius = 1.5
height = 8.0
sides = 16

[node name="CSGCylinder2" type="CSGCylinder" parent="Ramp1" index="1"]
transform = Transform( 1, 0, 0, 0, 1, 0, 0, 0, 1, 0, 0, -1 )
operation = 2
radius = 1.4
height = 8.1
sides = 16

[node name="Ramp2" type="CSGCombiner" parent="." index="4"]
transform = Transform( 1, 0, 0, 0, 0.766044, -0.642788, 0, 0.642788, 0.766044, 0, -10, -5 )
use_collision = true

[node name="CSGCylinder" type="CSGCylinder" parent="Ramp2" index="0"]
radius = 1.5
height = 10.0
sides = 16

[node name="CSGCylinder2" type="CSGCylinder" parent="Ramp2" index="1"]
transform = Transform( 1, 0, 0, 0, 1, 0, 0, 0, 1, 0, 0, -1 )
operation = 2
radius = 1.4
height = 10.1
sides = 16

[node name="RoundRamp1" type="CSGCombiner" parent="." index="5"]
transform = Transform( -4.37114e-08, -1, 0, 0.984808, -4.30473e-08, 0.173648, -0.173648, 7.5904e-09, 0.984808, 0, 5, -13 )
use_collision = true

[node name="CSGTorus" type="CSGTorus" parent="RoundRamp1" index="0"]
inner_radius = 6.5
outer_radius = 9.5
sides = 16
ring_sides = 16

[node name="CSGTorus2" type="CSGTorus" parent="RoundRamp1" index="1"]
transform = Transform( 1, -7.10543e-15, 1.49012e-08, -3.55271e-15, 1, 1.77636e-15, -1.49012e-08, 1.77636e-15, 1, 0, 0, 0 )
operation = 2
inner_radius = 4.5
outer_radius = 9.0
sides = 16
ring_sides = 16

[node name="CSGBox" type="CSGBox" parent="RoundRamp1" index="2"]
transform = Transform( 0.984808, -3.21965e-15, 0.173648, -4.44089e-16, 1, 1.33227e-15, -0.173648, 8.88178e-16, 0.984808, 4, 2.84217e-14, 0 )
operation = 2
width = 11.0
height = 20.0
depth = 40.0

[node name="RoundRamp2" type="CSGCombiner" parent="." index="6"]
transform = Transform( -4.37114e-08, -1, 0, 0.819152, -3.58063e-08, -0.573576, 0.573576, -2.50718e-08, 0.819152, 0, -5, -19 )
use_collision = true

[node name="CSGTorus" type="CSGTorus" parent="RoundRamp2" index="0"]
inner_radius = 6.0
outer_radius = 9.5
sides = 16
ring_sides = 16

[node name="CSGTorus2" type="CSGTorus" parent="RoundRamp2" index="1"]
transform = Transform( 1, -3.21965e-15, 1.49012e-08, 2.22045e-16, 1, 8.88178e-16, -1.49012e-08, 8.88178e-16, 1, 0, 0, 0 )
operation = 2
inner_radius = 4.0
outer_radius = 9.0
sides = 16
ring_sides = 16

[node name="CSGBox" type="CSGBox" parent="RoundRamp2" index="2"]
transform = Transform( 0.984808, -7.99361e-15, 0.173648, -8.88178e-16, 1, 3.55271e-15, -0.173648, -3.55271e-15, 0.984808, 4, 1.13687e-13, 9.53674e-07 )
operation = 2
width = 11.0
height = 20.0
depth = 40.0

[node name="MeshInstance" type="MeshInstance" parent="." index="7"]
transform = Transform( 1, 0, 0, 0, 1, 0, 0, 0, 1, 0, -20, -14 )
mesh = SubResource( 1 )
material/0 = null

[node name="StaticBody" type="StaticBody" parent="MeshInstance" index="0"]

[node name="CollisionShape" type="CollisionShape" parent="MeshInstance/StaticBody" index="0"]
shape = SubResource( 2 )
